const float LUT[4096] =
{
500,
495.898978005278,
406.421708260152,
363.107698979413,
335.573065145967,
315.798725735385,
300.567306379823,
288.28786956556,
278.065623219668,
269.350954410712,
261.783828715918,
255.116508744022,
249.171773664063,
243.81879040888,
238.958421330152,
234.513880321899,
230.424570291918,
226.641891272157,
223.126312174044,
219.845277404199,
216.771679615803,
213.882725278929,
211.159078419532,
208.584204956697,
206.143864085563,
203.825709056441,
201.6189704417,
199.514202368454,
197.503077358602,
195.578219082029,
193.733064965175,
191.961752518363,
190.259024661858,
188.620150386571,
187.04085788054,
185.51727785683,
184.045895282169,
182.623508064238,
181.24719153503,
179.914267787157,
178.622279093516,
177.368964778785,
176.152241021819,
174.970183157061,
173.821010115223,
172.703070702216,
171.614831463383,
170.554865919576,
169.521844994295,
168.514528478154,
167.531757399497,
166.572447188873,
165.635581540883,
164.720206890278,
163.825427430469,
162.950400612156,
162.094333067977,
161.256476915971,
160.436126400669,
159.632614835693,
158.845311816163,
158.073620673036,
157.316976144748,
156.574842244439,
155.846710303477,
155.132097174207,
154.430543576711,
153.741612576047,
153.064888177873,
152.399974031665,
151.746492231829,
151.104082208049,
150.472399697055,
149.851115788796,
149.239916040691,
148.638499654245,
148.04657870887,
147.463877448236,
146.890131614915,
146.325087829478,
145.768503010545,
145.22014383262,
144.679786218795,
144.147214865708,
143.622222798319,
143.104610952311,
142.594187782099,
142.09076889259,
141.594176693004,
141.1042400712,
140.620794087069,
140.14367968369,
139.672743415023,
139.207837189029,
138.748818025198,
138.295547825504,
137.847893157942,
137.405725051809,
136.968918803991,
136.537353795547,
136.110913317958,
135.689484408425,
135.272957693668,
134.861227241716,
134.454190421183,
134.051747767609,
133.653802856433,
133.260262182207,
132.871035043702,
132.486033434554,
132.105171939142,
131.728367633399,
131.355539990278,
130.986610789628,
130.62150403221,
130.260145857662,
129.902464466172,
129.548390043672,
129.197854690369,
128.850792352424,
128.507138756639,
128.166831347961,
127.829809229698,
127.496013106273,
127.165385228415,
126.837869340646,
126.513410630967,
126.191955682614,
125.873452427804,
125.557850103357,
125.245099208116,
124.935151462074,
124.627959767124,
124.323478169359,
124.021661822856,
123.722466954857,
123.425850832307,
123.131771729665,
122.840188897945,
122.55106253492,
122.264353756454,
121.980024568888,
121.698037842458,
121.41835728568,
121.140947420678,
120.865773559394,
120.59280178066,
120.321998908089,
120.053332488746,
119.786770772572,
119.522282692528,
119.259837845428,
118.999406473434,
118.740959446186,
118.484468243539,
118.229904938885,
117.977242183036,
117.726453188649,
117.477511715156,
117.230392054209,
116.985069015586,
116.741517913562,
116.499714553726,
116.259635220215,
116.021256663357,
115.784556087712,
115.549511140483,
115.316099900297,
115.084300866335,
114.854092947793,
114.62545545368,
114.398368082914,
114.172810914732,
113.948764399387,
113.726209349119,
113.505126929405,
113.285498650465,
113.067306359021,
112.850532230297,
112.635158760254,
112.421168758052,
112.208545338728,
111.99727191609,
111.787332195803,
111.578710168686,
111.371390104191,
111.165356544064,
110.960594296187,
110.757088428595,
110.554824263647,
110.353787372374,
110.153963568967,
109.955338905423,
109.757899666337,
109.56163236383,
109.366523732617,
109.172560725206,
108.979730507222,
108.788020452858,
108.597418140444,
108.407911348134,
108.2194880497,
108.032136410442,
107.8458447832,
107.660601704464,
107.476395890595,
107.29321623413,
107.111051800184,
106.929891822949,
106.749725702271,
106.570543000318,
106.392333438331,
106.215086893451,
106.038793395627,
105.863443124602,
105.689026406966,
105.515533713286,
105.342955655302,
105.171282983191,
105.000506582899,
104.830617473531,
104.661606804811,
104.49346585459,
104.326186026424,
104.159758847204,
103.994175964838,
103.829429145993,
103.665510273882,
103.502411346109,
103.340124472558,
103.178641873332,
103.017955876735,
102.858058917311,
102.698943533908,
102.540602367807,
102.383028160871,
102.226213753757,
102.070152084146,
101.914836185027,
101.760259183015,
101.606414296701,
101.453294835042,
101.300894195786,
101.149205863928,
100.998223410203,
100.847940489607,
100.698350839952,
100.54944828045,
100.401226710333,
100.253680107487,
100.106802527134,
99.9605881005282,
99.8150310336799,
99.6701256061133,
99.5258661696431,
99.3822471471784,
99.2392630315514,
99.0969083843696,
98.9551778348905,
98.8140660789205,
98.6735678777342,
98.5336780570171,
98.394391505828,
98.2557031755828,
98.1176080790578,
97.9801012894134,
97.8431779392362,
97.7068332196009,
97.5710623791488,
97.4358607231864,
97.301223612799,
97.167146463984,
97.0336247467982,
96.9006539845238,
96.7682297528484,
96.6363476790618,
96.5050034412679,
96.3741927676103,
96.2439114355142,
96.1141552709411,
95.984920147658,
95.8562019865202,
95.7279967547673,
95.6003004653319,
95.4731091761617,
95.3464189895534,
95.2202260514989,
95.0945265510435,
94.969316719656,
94.8445928306094,
94.7203511983739,
94.5965881780193,
94.4733001646297,
94.3504835927276,
94.2281349357083,
94.1062507052848,
93.9848274509419,
93.8638617594004,
93.7433502540907,
93.6232895946347,
93.5036764763382,
93.3845076296905,
93.2657798198741,
93.1474898462821,
93.0296345420434,
92.9122107735576,
92.7952154400358,
92.6786454730511,
92.5624978360954,
92.4467695241443,
92.3314575632293,
92.2165590100167,
92.1020709513946,
91.9879905040653,
91.8743148141459,
91.7610410567747,
91.6481664357241,
91.5356881830204,
91.4236035585693,
91.3119098497878,
91.200604371242,
91.0896844642911,
90.9791474967366,
90.8689908624775,
90.7592119811712,
90.6498082978995,
90.5407772828403,
90.4321164309443,
90.3238232616167,
90.2158953184044,
90.108330168688,
90.001125403378,
89.894278636617,
89.7877875054856,
89.6816496697131,
89.5758628113929,
89.4704246347023,
89.3653328656264,
89.2605852516865,
89.1561795616725,
89.0521135853799,
88.9483851333496,
88.8449920366134,
88.7419321464422,
88.6392033340977,
88.5368034905893,
88.4347305264333,
88.3329823714164,
88.2315569743625,
88.1304523029029,
88.0296663432507,
87.929197099977,
87.8290425957924,
87.7292008713296,
87.6296699849311,
87.5304480124389,
87.4315330469878,
87.332923198801,
87.2346165949897,
87.136611379355,
87.0389057121924,
86.9414977700999,
86.8443857457885,
86.747567847895,
86.6510423007979,
86.5548073444365,
86.4588612341311,
86.3632022404072,
86.2678286488216,
86.1727387597906,
86.0779308884214,
85.9834033643451,
85.8891545315527,
85.7951827482331,
85.7014863866131,
85.6080638328,
85.5149134866264,
85.4220337614969,
85.329423084237,
85.237079894944,
85.1450026468405,
85.0531898061289,
84.9616398518486,
84.8703512757353,
84.7793225820815,
84.6885522875996,
84.5980389212861,
84.5077810242887,
84.4177771497738,
84.3280258627973,
84.2385257401756,
84.1492753703598,
84.0602733533101,
83.9715183003733,
83.8830088341606,
83.7947435884285,
83.7067212079593,
83.6189403484451,
83.5313996763724,
83.4440978689078,
83.3570336137864,
83.2702056092006,
83.1836125636904,
83.0972531960361,
83.0111262351509,
82.9252304199763,
82.8395644993781,
82.7541272320436,
82.6689173863804,
82.5839337404168,
82.4991750817027,
82.4146402072124,
82.3303279232484,
82.2462370453464,
82.1623663981814,
82.0787148154752,
81.995281139905,
81.912064223013,
81.8290629251172,
81.7462761152235,
81.6637026709384,
81.5813414783838,
81.4991914321109,
81.4172514350179,
81.3355203982662,
81.2539972411988,
81.17268089126,
81.0915702839152,
81.0106643625724,
80.9299620785039,
80.84946239077,
80.7691642661428,
80.6890666790309,
80.6091686114056,
80.5294690527273,
80.4499669998739,
80.3706614570681,
80.2915514358077,
80.2126359547952,
80.1339140398695,
80.0553847239367,
79.9770470469038,
79.8989000556114,
79.8209428037683,
79.7431743518861,
79.6655937672155,
79.588200123682,
79.5109925018241,
79.4339699887306,
79.3571316779791,
79.2804766695762,
79.2040040698968,
79.1277129916256,
79.0516025536978,
78.9756718812415,
78.8999201055211,
78.8243463638798,
78.7489497996845,
78.67372956227,
78.5986848068844,
78.5238146946354,
78.4491183924368,
78.3745950729553,
78.3002439145589,
78.2260641012646,
78.1520548226881,
78.0782152739924,
78.0045446558389,
77.9310421743372,
77.8577070409968,
77.7845384726786,
77.711535691547,
77.6386979250231,
77.5660244057379,
77.4935143714856,
77.4211670651788,
77.3489817348026,
77.2769576333702,
77.2050940188787,
77.1333901542655,
77.0618453073648,
76.9904587508648,
76.919229762266,
76.8481576238384,
76.7772416225811,
76.7064810501802,
76.6358752029696,
76.5654233818897,
76.4951248924485,
76.4249790446821,
76.3549851531159,
76.2851425367261,
76.2154505189021,
76.1459084274083,
76.0765155943473,
76.0072713561229,
75.9381750534038,
75.8692260310877,
75.8004236382651,
75.7317672281846,
75.6632561582176,
75.5948897898239,
75.5266674885175,
75.4585886238325,
75.3906525692898,
75.3228587023643,
75.2552064044513,
75.1876950608345,
75.120324060654,
75.053092796874,
74.9860006662516,
74.919047069306,
74.8522314102866,
74.7855530971436,
74.719011541497,
74.6526061586071,
74.5863363673447,
74.5202015901615,
74.4542012530619,
74.3883347855731,
74.3226016207177,
74.2570011949849,
74.1915329483028,
74.1261963240108,
74.0609907688323,
73.9959157328474,
73.9309706694665,
73.8661550354036,
73.8014682906496,
73.7369098984471,
73.6724793252639,
73.6081760407678,
73.5439995178016,
73.4799492323577,
73.4160246635533,
73.3522252936064,
73.2885506078106,
73.2250000945123,
73.1615732450855,
73.0982695539095,
73.0350885183443,
72.9720296387088,
72.9090924182565,
72.8462763631541,
72.7835809824579,
72.7210057880924,
72.6585502948276,
72.5962140202577,
72.533996484779,
72.4718972115688,
72.4099157265642,
72.3480515584407,
72.2863042385918,
72.2246733011078,
72.1631582827563,
72.1017587229609,
72.0404741637819,
71.9793041498962,
71.9182482285773,
71.8573059496763,
71.7964768656024,
71.7357605313035,
71.6751565042476,
71.6146643444039,
71.5542836142241,
71.4940138786239,
71.433854704965,
71.3738056630368,
71.3138663250384,
71.2540362655608,
71.1943150615698,
71.1347022923877,
71.0751975396768,
71.0158003874215,
70.9565104219122,
70.8973272317276,
70.8382504077185,
70.7792795429916,
70.720414232892,
70.6616540749883,
70.6029986690556,
70.5444476170598,
70.4860005231421,
70.427656993603,
70.3694166368867,
70.3112790635662,
70.2532438863274,
70.1953107199548,
70.1374791813157,
70.0797488893458,
70.0221194650346,
69.9645905314104,
69.9071617135262,
69.8498326384453,
69.7926029352269,
69.7354722349123,
69.6784401705108,
69.6215063769858,
69.5646704912414,
69.5079321521081,
69.4512910003303,
69.3947466785522,
69.3382988313048,
69.2819471049929,
69.2256911478818,
69.1695306100845,
69.1134651435491,
69.0574944020459,
69.0016180411549,
68.9458357182532,
68.8901470925029,
68.8345518248388,
68.7790495779558,
68.7236400162975,
68.6683228060436,
68.613097615099,
68.5579641130808,
68.5029219713077,
68.4479708627879,
68.3931104622079,
68.3383404459208,
68.2836604919356,
68.2290702799055,
68.1745694911172,
68.1201578084796,
68.0658349165131,
68.0116005013388,
67.9574542506678,
67.9033958537905,
67.8494250015659,
67.7955413864117,
67.7417447022933,
67.688034644714,
67.6344109107044,
67.5808731988129,
67.5274212090948,
67.4740546431031,
67.4207732038785,
67.3675765959393,
67.3144645252718,
67.2614366993212,
67.2084928269812,
67.1556326185851,
67.1028557858963,
67.0501620420989,
66.9975511017886,
66.9450226809634,
66.8925764970144,
66.8402122687173,
66.7879297162227,
66.7357285610477,
66.6836085260671,
66.6315693355048,
66.5796107149242,
66.527732391221,
66.4759340926137,
66.4242155486354,
66.3725764901255,
66.3210166492212,
66.2695357593494,
66.2181335552185,
66.16680977281,
66.1155641493709,
66.0643964234052,
66.0133063346664,
65.9622936241492,
65.9113580340821,
65.8604993079192,
65.8097171903329,
65.7590114272062,
65.7083817656247,
65.6578279538696,
65.6073497414101,
65.5569468788958,
65.5066191181494,
65.4563662121598,
65.4061879150743,
65.3560839821919,
65.3060541699556,
65.2560982359461,
65.2062159388741,
65.1564070385738,
65.1066712959956,
65.0570084731996,
65.0074183333487,
64.9579006407014,
64.9084551606061,
64.8590816594934,
64.8097799048701,
64.7605496653123,
64.7113907104595,
64.6623028110072,
64.6132857387016,
64.564339266332,
64.5154631677259,
64.4666572177415,
64.4179211922622,
64.3692548681901,
64.3206580234402,
64.2721304369339,
64.2236718885933,
64.1752821593352,
64.1269610310649,
64.0787082866705,
64.0305237100172,
63.982407085941,
63.9343582002434,
63.8863768396855,
63.8384627919824,
63.7906158457973,
63.7428357907361,
63.695122417342,
63.6474755170896,
63.5998948823797,
63.5523803065337,
63.5049315837885,
63.4575485092906,
63.4102308790912,
63.362978490141,
63.3157911402844,
63.268668628255,
63.2216107536698,
63.1746173170247,
63.1276881196887,
63.0808229638993,
63.0340216527574,
62.9872839902224,
62.9406097811068,
62.8939988310721,
62.847450946623,
62.8009659351031,
62.75454360469,
62.7081837643906,
62.6618862240362,
62.6156507942777,
62.5694772865811,
62.523365513223,
62.4773152872856,
62.4313264226525,
62.3853987340038,
62.3395320368118,
62.2937261473367,
62.2479808826217,
62.2022960604887,
62.1566714995344,
62.1111070191252,
62.0656024393934,
62.0201575812328,
61.9747722662942,
61.9294463169812,
61.8841795564466,
61.8389718085872,
61.7938228980405,
61.7487326501801,
61.7037008911118,
61.6587274476695,
61.6138121474112,
61.5689548186148,
61.5241552902745,
61.4794133920962,
61.4347289544944,
61.3901018085877,
61.345531786195,
61.3010187198317,
61.2565624427064,
61.2121627887159,
61.1678195924426,
61.1235326891502,
61.0793019147802,
61.0351271059478,
60.9910080999388,
60.9469447347055,
60.9029368488633,
60.858984281687,
60.8150868731075,
60.7712444637075,
60.7274568947192,
60.6837240080196,
60.6400456461275,
60.5964216522005,
60.5528518700306,
60.5093361440418,
60.4658743192859,
60.4224662414396,
60.3791117568009,
60.3358107122861,
60.2925629554263,
60.249368334364,
60.2062266978498,
60.16313789524,
60.120101776492,
60.0771181921623,
60.0341869934026,
59.9913080319572,
59.9484811601592,
59.9057062309283,
59.8629830977666,
59.8203116147567,
59.7776916365577,
59.7351230184027,
59.6926056160955,
59.6501392860081,
59.6077238850769,
59.5653592708006,
59.5230453012368,
59.4807818349992,
59.4385687312545,
59.39640584972,
59.3542930506604,
59.3122301948848,
59.2702171437444,
59.2282537591294,
59.1863399034658,
59.1444754397136,
59.1026602313631,
59.0608941424327,
59.0191770374662,
58.9775087815298,
58.9358892402096,
58.8943182796089,
58.8527957663455,
58.8113215675495,
58.7698955508599,
58.7285175844227,
58.6871875368878,
58.6459052774071,
58.6046706756311,
58.5634836017071,
58.5223439262763,
58.4812515204715,
58.4402062559142,
58.3992080047128,
58.3582566394596,
58.3173520332287,
58.2764940595732,
58.2356825925233,
58.1949175065835,
58.1541986767302,
58.1135259784098,
58.0728992875357,
58.0323184804865,
57.9917834341037,
57.9512940256887,
57.9108501330014,
57.8704516342572,
57.8300984081253,
57.789790333726,
57.749527290629,
57.7093091588504,
57.6691358188513,
57.6290071515349,
57.588923038245,
57.5488833607633,
57.5088880013076,
57.4689368425292,
57.4290297675113,
57.3891666597666,
57.3493474032353,
57.3095718822828,
57.2698399816979,
57.2301515866906,
57.1905065828902,
57.1509048563427,
57.1113462935097,
57.0718307812655,
57.0323582068958,
56.992928458095,
56.9535414229649,
56.9141969900124,
56.8748950481474,
56.8356354866812,
56.7964181953243,
56.7572430641848,
56.7181099837659,
56.6790188449646,
56.6399695390697,
56.6009619577595,
56.5619959931004,
56.5230715375449,
56.4841884839298,
56.4453467254742,
56.4065461557777,
56.367786668819,
56.3290681589534,
56.2903905209117,
56.2517536497978,
56.2131574410877,
56.1746017906266,
56.1360865946286,
56.0976117496737,
56.0591771527065,
56.020782701035,
55.982428292328,
55.9441138246141,
55.9058391962797,
55.8676043060673,
55.829409053074,
55.7912533367497,
55.7531370568955,
55.7150601136621,
55.6770224075481,
55.6390238393984,
55.6010643104025,
55.5631437220933,
55.525261976345,
55.4874189753714,
55.4496146217254,
55.411848818296,
55.3741214683076,
55.3364324753185,
55.2987817432189,
55.2611691762297,
55.2235946789007,
55.1860581561096,
55.1485595130598,
55.1110986552796,
55.0736754886201,
55.0362899192542,
54.9989418536746,
54.9616311986932,
54.9243578614386,
54.8871217493555,
54.8499227702028,
54.8127608320523,
54.7756358432871,
54.7385477126007,
54.7014963489951,
54.6644816617795,
54.6275035605689,
54.590561955283,
54.5536567561445,
54.5167878736777,
54.4799552187076,
54.443158702358,
54.4063982360503,
54.3696737315025,
54.3329851007275,
54.2963322560317,
54.2597151100143,
54.2231335755652,
54.1865875658642,
54.1500769943796,
54.1136017748669,
54.0771618213674,
54.0407570482074,
54.0043873699959,
53.9680527016247,
53.9317529582661,
53.8954880553721,
53.859257908673,
53.8230624341764,
53.7869015481659,
53.7507751671993,
53.7146832081086,
53.6786255879977,
53.6426022242416,
53.6066130344852,
53.5706579366421,
53.5347368488938,
53.4988496896877,
53.4629963777367,
53.4271768320174,
53.3913909717697,
53.3556387164949,
53.3199199859553,
53.2842347001722,
53.2485827794256,
53.2129641442526,
53.1773787154463,
53.1418264140548,
53.1063071613802,
53.0708208789773,
53.0353674886528,
52.9999469124635,
52.9645590727163,
52.9292038919662,
52.8938812930156,
52.8585911989134,
52.8233335329535,
52.7881082186742,
52.7529151798569,
52.7177543405249,
52.6826256249431,
52.6475289576158,
52.6124642632868,
52.5774314669375,
52.5424304937868,
52.507461269289,
52.4725237191337,
52.4376177692446,
52.4027433457779,
52.3679003751222,
52.3330887838971,
52.2983084989519,
52.2635594473652,
52.2288415564436,
52.194154753721,
52.1594989669571,
52.1248741241372,
52.0902801534706,
52.0557169833901,
52.0211845425507,
51.9866827598288,
51.9522115643217,
51.9177708853458,
51.8833606524366,
51.8489807953471,
51.8146312440472,
51.7803119287228,
51.7460227797748,
51.7117637278183,
51.6775347036815,
51.6433356384052,
51.6091664632415,
51.5750271096533,
51.540917509313,
51.5068375941022,
51.47278729611,
51.4387665476332,
51.4047752811745,
51.3708134294423,
51.3368809253492,
51.3029777020122,
51.2691036927505,
51.235258831086,
51.2014430507412,
51.1676562856396,
51.1338984699041,
51.1001695378562,
51.0664694240156,
51.0327980630991,
50.9991553900199,
50.9655413398866,
50.9319558480026,
50.8983988498654,
50.8648702811656,
50.8313700777861,
50.7978981758016,
50.7644545114775,
50.7310390212691,
50.6976516418213,
50.6642923099675,
50.6309609627285,
50.5976575373126,
50.5643819711138,
50.5311342017121,
50.497914166872,
50.464721804542,
50.431557052854,
50.3984198501224,
50.365310134843,
50.3322278456934,
50.299172921531,
50.266145301393,
50.2331449244954,
50.2001717302326,
50.1672256581763,
50.134306648075,
50.1014146398533,
50.0685495736112,
50.0357113896234,
50.0029000283383,
49.9701154303779,
49.9373575365367,
49.9046262877812,
49.8719216252488,
49.8392434902479,
49.8065918242564,
49.7739665689218,
49.7413676660598,
49.7087950576541,
49.6762486858556,
49.6437284929819,
49.6112344215164,
49.5787664141077,
49.5463244135691,
49.5139083628778,
49.4815182051744,
49.4491538837621,
49.4168153421061,
49.3845025238331,
49.3522153727307,
49.3199538327465,
49.2877178479876,
49.25550736272,
49.2233223213682,
49.1911626685142,
49.159028348897,
49.1269193074123,
49.0948354891115,
49.0627768392011,
49.0307433030427,
48.9987348261514,
48.9667513541961,
48.9347928329985,
48.9028592085325,
48.8709504269237,
48.839066434449,
48.8072071775354,
48.7753726027603,
48.7435626568503,
48.7117772866805,
48.6800164392747,
48.6482800618041,
48.6165681015871,
48.5848805060884,
48.5532172229189,
48.5215781998349,
48.4899633847376,
48.4583727256722,
48.4268061708281,
48.3952636685374,
48.3637451672755,
48.3322506156592,
48.3007799624477,
48.2693331565404,
48.2379101469779,
48.2065108829405,
48.1751353137479,
48.1437833888588,
48.1124550578703,
48.0811502705175,
48.0498689766727,
48.0186111263451,
47.9873766696801,
47.9561655569593,
47.9249777385992,
47.8938131651513,
47.8626717873013,
47.8315535558689,
47.8004584218068,
47.7693863362006,
47.7383372502684,
47.7073111153599,
47.6763078829561,
47.6453275046688,
47.6143699322404,
47.5834351175429,
47.5525230125776,
47.5216335694749,
47.4907667404935,
47.4599224780202,
47.4291007345689,
47.3983014627808,
47.3675246154236,
47.3367701453908,
47.3060380057017,
47.2753281495008,
47.244640530057,
47.2139751007635,
47.1833318151373,
47.1527106268187,
47.1221114895708,
47.091534357279,
47.0609791839507,
47.0304459237148,
46.9999345308213,
46.9694449596407,
46.9389771646635,
46.9085311005003,
46.8781067218807,
46.8477039836533,
46.8173228407849,
46.7869632483605,
46.7566251615825,
46.7263085357705,
46.6960133263608,
46.6657394889059,
46.6354869790742,
46.6052557526496,
46.5750457655309,
46.5448569737315,
46.514689333379,
46.4845428007148,
46.4544173320937,
46.4243128839834,
46.394229412964,
46.3641668757278,
46.3341252290791,
46.3041044299333,
46.2741044353165,
46.2441252023658,
46.2141666883281,
46.1842288505603,
46.1543116465282,
46.1244150338071,
46.0945389700805,
46.0646834131401,
46.0348483208855,
46.0050336513238,
45.9752393625688,
45.9454654128412,
45.9157117604678,
45.8859783638815,
45.8562651816204,
45.8265721723279,
45.7968992947522,
45.7672465077458,
45.7376137702652,
45.7080010413706,
45.6784082802254,
45.648835446096,
45.6192824983513,
45.5897493964624,
45.5602361000021,
45.5307425686448,
45.5012687621661,
45.4718146404422,
45.4423801634495,
45.4129652912649,
45.3835699840646,
45.3541942021245,
45.324837905819,
45.2955010556216,
45.2661836121039,
45.2368855359355,
45.2076067878835,
45.1783473288124,
45.1491071196835,
45.1198861215549,
45.0906842955808,
45.0615016030113,
45.0323380051921,
45.0031934635643,
44.9740679396637,
44.9449613951207,
44.9158737916602,
44.8868050911008,
44.8577552553548,
44.8287242464278,
44.7997120264183,
44.7707185575175,
44.7417438020087,
44.7127877222676,
44.6838502807612,
44.6549314400482,
44.626031162778,
44.5971494116909,
44.5682861496177,
44.5394413394792,
44.510614944286,
44.4818069271383,
44.4530172512254,
44.4242458798253,
44.395492776305,
44.3667579041194,
44.3380412268114,
44.3093427080119,
44.2806623114386,
44.2520000008968,
44.2233557402784,
44.1947294935616,
44.1661212248109,
44.1375308981767,
44.108958477895,
44.0804039282871,
44.0518672137592,
44.0233482988024,
43.9948471479921,
43.9663637259879,
43.9378979975332,
43.9094499274551,
43.8810194806638,
43.8526066221527,
43.8242113169978,
43.7958335303576,
43.7674732274729,
43.7391303736661,
43.7108049343414,
43.6824968749844,
43.6542061611617,
43.6259327585205,
43.5976766327889,
43.569437749775,
43.541216075367,
43.5130115755326,
43.4848242163192,
43.4566539638533,
43.4285007843402,
43.400364644064,
43.3722455093871,
43.34414334675,
43.3160581226712,
43.2879898037467,
43.2599383566498,
43.2319037481309,
43.2038859450174,
43.175884914213,
43.1479006226979,
43.1199330375283,
43.0919821258362,
43.0640478548292,
43.0361301917902,
43.0082291040771,
42.9803445591227,
42.9524765244342,
42.9246249675934,
42.8967898562558,
42.868971158151,
42.8411688410819,
42.8133828729252,
42.7856132216301,
42.7578598552192,
42.7301227417873,
42.7024018495017,
42.6746971466019,
42.6470086013994,
42.619336182277,
42.5916798576891,
42.5640395961615,
42.5364153662907,
42.5088071367439,
42.4812148762589,
42.4536385536438,
42.4260781377765,
42.3985335976049,
42.3710049021466,
42.3434920204881,
42.3159949217854,
42.2885135752632,
42.261047950215,
42.2335980160025,
42.206163742056,
42.1787450978734,
42.1513420530205,
42.1239545771309,
42.096582639905,
42.0692262111109,
42.0418852605832,
42.0145597582234,
41.9872496739993,
41.9599549779449,
41.9326756401605,
41.905411630812,
41.8781629201309,
41.8509294784143,
41.8237112760241,
41.7965082833876,
41.7693204709965,
41.7421478094073,
41.7149902692407,
41.6878478211815,
41.6607204359787,
41.6336080844446,
41.6065107374554,
41.5794283659504,
41.5523609409321,
41.5253084334657,
41.4982708146795,
41.4712480557639,
41.4442401279717,
41.4172470026181,
41.3902686510799,
41.3633050447955,
41.3363561552651,
41.3094219540502,
41.2825024127731,
41.2555975031174,
41.2287071968271,
41.201831465707,
41.1749702816219,
41.1481236164973,
41.121291442318,
41.094473731129,
41.0676704550347,
41.0408815861989,
41.0141070968447,
40.9873469592541,
40.9606011457678,
40.9338696287854,
40.9071523807647,
40.880449374222,
40.8537605817315,
40.8270859759252,
40.8004255294932,
40.7737792151825,
40.7471470057981,
40.7205288742018,
40.6939247933124,
40.6673347361055,
40.6407586756134,
40.6141965849249,
40.5876484371848,
40.5611142055943,
40.5345938634103,
40.5080873839455,
40.4815947405681,
40.4551159067019,
40.4286508558257,
40.4021995614733,
40.3757619972334,
40.3493381367497,
40.32292795372,
40.2965314218965,
40.2701485150859,
40.2437792071486,
40.2174234719989,
40.1910812836049,
40.1647526159879,
40.1384374432231,
40.1121357394381,
40.0858474788143,
40.0595726355854,
40.0333111840378,
40.0070630985106,
39.9808283533953,
39.9546069231354,
39.9283987822264,
39.9022039052158,
39.8760222667027,
39.8498538413378,
39.8236986038232,
39.797556528912,
39.7714275914086,
39.7453117661682,
39.7192090280967,
39.6931193521507,
39.6670427133371,
39.6409790867132,
39.6149284473862,
39.5888907705136,
39.5628660313022,
39.536854205009,
39.5108552669402,
39.4848691924512,
39.4588959569471,
39.4329355358814,
39.406987904757,
39.3810530391252,
39.3551309145861,
39.3292215067882,
39.3033247914282,
39.277440744251,
39.2515693410494,
39.2257105576642,
39.1998643699839,
39.1740307539443,
39.1482096855289,
39.1224011407681,
39.09660509574,
39.0708215265689,
39.0450504094267,
39.0192917205314,
38.9935454361477,
38.9678115325869,
38.9420899862064,
38.9163807734095,
38.8906838706459,
38.8649992544107,
38.8393269012452,
38.8136667877355,
38.788018890514,
38.7623831862576,
38.7367596516888,
38.711148263575,
38.6855489987283,
38.6599618340057,
38.6343867463087,
38.6088237125832,
38.5832727098197,
38.5577337150524,
38.53220670536,
38.5066916578648,
38.4811885497331,
38.4556973581747,
38.4302180604429,
38.4047506338346,
38.3792950556896,
38.3538513033911,
38.3284193543651,
38.3029991860807,
38.2775907760494,
38.2521941018256,
38.2268091410059,
38.2014358712295,
38.1760742701777,
38.1507243155737,
38.1253859851829,
38.1000592568125,
38.0747441083113,
38.0494405175698,
38.0241484625199,
37.9988679211347,
37.9735988714287,
37.9483412914574,
37.9230951593171,
37.8978604531451,
37.8726371511196,
37.8474252314589,
37.8222246724221,
37.7970354523086,
37.771857549458,
37.7466909422499,
37.721535609104,
37.6963915284799,
37.6712586788767,
37.6461370388332,
37.621026586928,
37.5959273017787,
37.5708391620423,
37.545762146415,
37.520696233632,
37.4956414024673,
37.4705976317338,
37.4455649002831,
37.4205431870053,
37.3955324708289,
37.3705327307208,
37.3455439456862,
37.3205660947683,
37.2955991570482,
37.2706431116449,
37.2456979377154,
37.2207636144541,
37.195840121093,
37.1709274369015,
37.1460255411864,
37.1211344132916,
37.0962540325981,
37.0713843785239,
37.046525430524,
37.0216771680898,
36.9968395707498,
36.9720126180687,
36.9471962896478,
36.9223905651245,
36.8975954241728,
36.8728108465024,
36.8480368118593,
36.8232733000252,
36.7985202908177,
36.77377776409,
36.7490456997308,
36.7243240776646,
36.6996128778507,
36.6749120802842,
36.6502216649952,
36.6255416120486,
36.6008719015445,
36.5762125136176,
36.5515634284376,
36.5269246262088,
36.5022960871698,
36.4776777915939,
36.4530697197884,
36.4284718520952,
36.40388416889,
36.3793066505827,
36.3547392776172,
36.3301820304708,
36.3056348896551,
36.2810978357148,
36.2565708492285,
36.232053910808,
36.2075470010985,
36.1830501007783,
36.1585631905591,
36.1340862511852,
36.1096192634344,
36.0851622081167,
36.0607150660754,
36.036277818186,
36.0118504453567,
35.9874329285283,
35.9630252486737,
35.9386273867982,
35.9142393239392,
35.8898610411661,
35.8654925195805,
35.8411337403157,
35.8167846845366,
35.7924453334402,
35.7681156682548,
35.7437956702402,
35.7194853206877,
35.6951846009201,
35.6708934922909,
35.6466119761851,
35.6223400340187,
35.5980776472388,
35.573824797323,
35.5495814657797,
35.5253476341484,
35.5011232839987,
35.4769083969309,
35.4527029545757,
35.428506938594,
35.4043203306772,
35.3801431125465,
35.3559752659534,
35.3318167726791,
35.3076676145349,
35.2835277733619,
35.2593972310306,
35.2352759694414,
35.2111639705241,
35.187061216238,
35.1629676885715,
35.1388833695427,
35.1148082411984,
35.0907422856149,
35.0666854848972,
35.0426378211793,
35.0185992766241,
34.9945698334231,
34.9705494737967,
34.9465381799937,
34.9225359342914,
34.8985427189955,
34.8745585164402,
34.8505833089876,
34.8266170790283,
34.8026598089809,
34.7787114812917,
34.7547720784354,
34.7308415829141,
34.706919977258,
34.6830072440246,
34.6591033657992,
34.6352083251947,
34.6113221048512,
34.5874446874362,
34.5635760556447,
34.5397161921984,
34.5158650798466,
34.4920227013653,
34.4681890395576,
34.4443640772535,
34.4205477973094,
34.396740182609,
34.3729412160621,
34.3491508806056,
34.3253691592022,
34.3015960348415,
34.2778314905393,
34.2540755093374,
34.2303280743042,
34.2065891685338,
34.1828587751465,
34.1591368772883,
34.1354234581315,
34.1117185008737,
34.0880219887385,
34.0643339049751,
34.040654232858,
34.0169829556875,
33.9933200567891,
33.9696655195137,
33.9460193272376,
33.9223814633619,
33.8987519113131,
33.8751306545426,
33.8515176765269,
33.8279129607673,
33.8043164907899,
33.7807282501453,
33.7571482224094,
33.7335763911819,
33.7100127400877,
33.6864572527758,
33.6629099129195,
33.6393707042166,
33.615839610389,
33.5923166151829,
33.5688017023685,
33.5452948557401,
33.5217960591156,
33.4983052963373,
33.474822551271,
33.4513478078062,
33.4278810498562,
33.4044222613579,
33.3809714262715,
33.357528528581,
33.3340935522936,
33.3106664814396,
33.2872473000731,
33.2638359922708,
33.2404325421329,
33.2170369337824,
33.1936491513655,
33.1702691790512,
33.1468970010312,
33.1235326015203,
33.1001759647555,
33.076827074997,
33.0534859165273,
33.0301524736512,
33.0068267306964,
32.9835086720126,
32.9601982819719,
32.9368955449688,
32.9136004454197,
32.8903129677634,
32.8670330964603,
32.8437608159933,
32.8204961108668,
32.7972389656074,
32.7739893647632,
32.750747292904,
32.7275127346215,
32.7042856745289,
32.6810660972607,
32.6578539874731,
32.6346493298435,
32.611452109071,
32.5882623098755,
32.5650799169985,
32.5419049152022,
32.5187372892704,
32.4955770240076,
32.4724241042392,
32.4492785148116,
32.4261402405922,
32.4030092664688,
32.3798855773503,
32.3567691581658,
32.3336599938654,
32.3105580694194,
32.2874633698187,
32.2643758800749,
32.2412955852191,
32.2182224703036,
32.1951565204004,
32.1720977206017,
32.1490460560199,
32.1260015117875,
32.1029640730567,
32.0799337249999,
32.0569104528091,
32.0338942416964,
32.0108850768932,
31.9878829436511,
31.9648878272409,
31.9418997129532,
31.9189185860978,
31.8959444320044,
31.8729772360217,
31.8500169835177,
31.82706365988,
31.8041172505152,
31.781177740849,
31.7582451163263,
31.735319362411,
31.7124004645858,
31.6894884083526,
31.666583179232,
31.6436847627635,
31.6207931445052,
31.597908310034,
31.5750302449455,
31.5521589348536,
31.5292943653911,
31.5064365222089,
31.4835853909765,
31.4607409573819,
31.4379032071311,
31.4150721259484,
31.3922476995764,
31.3694299137758,
31.3466187543254,
31.3238142070219,
31.3010162576801,
31.2782248921325,
31.2554400962298,
31.2326618558402,
31.2098901568498,
31.1871249851622,
31.1643663266989,
31.1416141673988,
31.1188684932185,
31.0961292901318,
31.0733965441303,
31.0506702412225,
31.0279503674347,
31.0052369088101,
30.9825298514093,
30.95982918131,
30.937134884607,
30.914446947412,
30.8917653558542,
30.869090096079,
30.8464211542494,
30.8237585165448,
30.8011021691615,
30.7784520983125,
30.7558082902277,
30.7331707311534,
30.7105394073525,
30.6879143051045,
30.6652954107055,
30.6426827104677,
30.62007619072,
30.5974758378075,
30.5748816380914,
30.5522935779495,
30.5297116437754,
30.507135821979,
30.4845660989864,
30.4620024612395,
30.4394448951962,
30.4168933873304,
30.3943479241319,
30.3718084921063,
30.3492750777747,
30.3267476676745,
30.3042262483582,
30.2817108063942,
30.2592013283665,
30.2366978008745,
30.2142002105331,
30.1917085439728,
30.1692227878393,
30.1467429287935,
30.1242689535119,
30.1018008486861,
30.0793386010228,
30.056882197244,
30.0344316240866,
30.0119868683026,
29.9895479166591,
29.9671147559382,
29.9446873729365,
29.9222657544659,
29.8998498873528,
29.8774397584386,
29.8550353545792,
29.8326366626453,
29.810243669522,
29.7878563621092,
29.7654747273213,
29.743098752087,
29.7207284233496,
29.6983637280667,
29.6760046532103,
29.6536511857665,
29.6313033127358,
29.608961021133,
29.5866242979866,
29.5642931303399,
29.5419675052496,
29.5196474097867,
29.4973328310363,
29.475023756097,
29.4527201720817,
29.430422066117,
29.4081294253431,
29.3858422369142,
29.3635604879979,
29.3412841657758,
29.3190132574429,
29.2967477502077,
29.2744876312922,
29.2522328879322,
29.2299835073765,
29.2077394768874,
29.1855007837408,
29.1632674152256,
29.1410393586439,
29.1188166013114,
29.0965991305564,
29.0743869337208,
29.0521799981593,
29.0299783112397,
29.0077818603428,
28.9855906328623,
28.963404616205,
28.9412237977901,
28.9190481650501,
28.8968777054299,
28.8747124063873,
28.8525522553929,
28.8303972399297,
28.8082473474932,
28.786102565592,
28.7639628817466,
28.7418282834903,
28.7196987583688,
28.69757429394,
28.6754548777744,
28.6533404974545,
28.6312311405753,
28.609126794744,
28.5870274475798,
28.5649330867142,
28.5428436997906,
28.5207592744648,
28.4986797984041,
28.4766052592882,
28.4545356448085,
28.4324709426683,
28.4104111405829,
28.3883562262791,
28.3663061874958,
28.3442610119833,
28.3222206875038,
28.300185201831,
28.2781545427503,
28.2561286980585,
28.2341076555641,
28.2120914030868,
28.1900799284581,
28.1680732195206,
28.1460712641285,
28.1240740501468,
28.1020815654525,
28.0800937979332,
28.058110735488,
28.0361323660271,
28.0141586774718,
27.9921896577544,
27.9702252948183,
27.9482655766179,
27.9263104911186,
27.9043600262965,
27.8824141701388,
27.8604729106434,
27.8385362358189,
27.816604133685,
27.7946765922717,
27.77275359962,
27.7508351437813,
27.7289212128178,
27.7070117948021,
27.6851068778172,
27.663206449957,
27.6413104993255,
27.6194190140371,
27.5975319822168,
27.5756493919996,
27.553771231531,
27.5318974889669,
27.510028152473,
27.4881632102254,
27.4663026504103,
27.4444464612242,
27.4225946308733,
27.400747147574,
27.3789039995528,
27.3570651750458,
27.3352306622994,
27.3134004495695,
27.2915745251221,
27.269752877233,
27.2479354941876,
27.226122364281,
27.204313475818,
27.1825088171132,
27.1607083764908,
27.1389121422842,
27.1171201028368,
27.0953322465011,
27.0735485616395,
27.0517690366233,
27.0299936598337,
27.0082224196607,
26.9864553045041,
26.9646923027727,
26.9429334028845,
26.921178593267,
26.8994278623566,
26.8776811985987,
26.8559385904482,
26.8342000263687,
26.812465494833,
26.7907349843227,
26.7690084833286,
26.7472859803502,
26.725567463896,
26.7038529224832,
26.6821423446378,
26.6604357188948,
26.6387330337976,
26.6170342778986,
26.5953394397586,
26.5736485079471,
26.5519614710423,
26.5302783176308,
26.5085990363077,
26.4869236156768,
26.46525204435,
26.4435843109479,
26.4219204040993,
26.4002603124414,
26.3786040246197,
26.356951529288,
26.3353028151083,
26.3136578707506,
26.2920166848934,
26.2703792462231,
26.2487455434343,
26.2271155652294,
26.2054893003194,
26.1838667374225,
26.1622478652655,
26.1406326725827,
26.1190211481166,
26.0974132806174,
26.0758090588429,
26.0542084715591,
26.0326115075394,
26.0110181555651,
25.989428404425,
25.9678422429156,
25.9462596598412,
25.9246806440134,
25.9031051842515,
25.8815332693822,
25.8599648882397,
25.8384000296656,
25.8168386825091,
25.7952808356265,
25.7737264778816,
25.7521755981452,
25.7306281852959,
25.7090842282191,
25.6875437158076,
25.6660066369611,
25.6444729805867,
25.6229427355985,
25.6014158909177,
25.5798924354726,
25.5583723581981,
25.5368556480365,
25.515342293937,
25.4938322848553,
25.4723256097544,
25.4508222576038,
25.4293222173801,
25.4078254780665,
25.3863320286528,
25.3648418581356,
25.3433549555184,
25.3218713098109,
25.3003909100296,
25.2789137451977,
25.2574398043448,
25.2359690765067,
25.2145015507263,
25.1930372160522,
25.1715760615402,
25.1501180762517,
25.1286632492549,
25.1072115696241,
25.08576302644,
25.0643176087893,
25.0428753057653,
25.0214361064671,
25,
24.9785669754756,
24.9571370220112,
24.9357101287306,
24.9142862847634,
24.8928654792448,
24.8714477013166,
24.8500329401263,
24.8286211848267,
24.8072124245774,
24.7858066485429,
24.7644038458942,
24.7430040058077,
24.7216071174655,
24.7002131700553,
24.6788221527709,
24.6574340548112,
24.6360488653809,
24.6146665736903,
24.5932871689553,
24.5719106403969,
24.550536977242,
24.5291661687226,
24.5077982040764,
24.4864330725463,
24.4650707633804,
24.4437112658324,
24.4223545691609,
24.4010006626301,
24.3796495355092,
24.3583011770726,
24.3369555765998,
24.3156127233756,
24.2942726066897,
24.2729352158367,
24.2516005401167,
24.2302685688343,
24.2089392912992,
24.1876126968262,
24.1662887747348,
24.1449675143494,
24.1236489049992,
24.1023329360183,
24.0810195967454,
24.0597088765241,
24.0384007647026,
24.0170952506338,
23.9957923236751,
23.9744919731888,
23.9531941885417,
23.9318989591048,
23.9106062742541,
23.8893161233697,
23.8680284958364,
23.8467433810434,
23.8254607683841,
23.8041806472564,
23.7829030070625,
23.7616278372091,
23.7403551271067,
23.7190848661705,
23.6978170438196,
23.6765516494774,
23.6552886725715,
23.6340281025335,
23.6127699287991,
23.5915141408082,
23.5702607280044,
23.5490096798356,
23.5277609857534,
23.5065146352138,
23.485270617676,
23.4640289226036,
23.4427895394638,
23.4215524577278,
23.4003176668703,
23.37908515637,
23.3578549157091,
23.3366269343736,
23.3154012018531,
23.2941777076411,
23.2729564412342,
23.2517373921328,
23.2305205498409,
23.209305903866,
23.1880934437189,
23.1668831589141,
23.1456750389691,
23.1244690734052,
23.103265251747,
23.082063563522,
23.0608639982614,
23.0396665454996,
23.0184711947741,
22.9972779356257,
22.9760867575982,
22.9548976502388,
22.9337106030977,
22.9125256057279,
22.8913426476859,
22.8701617185309,
22.8489828078252,
22.827805905134,
22.8066310000254,
22.7854580820706,
22.7642871408434,
22.7431181659206,
22.7219511468816,
22.7007860733089,
22.6796229347875,
22.6584617209051,
22.6373024212522,
22.6161450254219,
22.5949895230099,
22.5738359036145,
22.5526841568367,
22.5315342722797,
22.5103862395496,
22.4892400482547,
22.4680956880057,
22.4469531484161,
22.4258124191013,
22.4046734896793,
22.3835363497705,
22.3624009889973,
22.3412673969846,
22.3201355633595,
22.2990054777512,
22.2778771297912,
22.2567505091131,
22.2356256053526,
22.2145024081473,
22.1933809071372,
22.1722610919641,
22.1511429522718,
22.130026477706,
22.1089116579146,
22.0877984825472,
22.0666869412551,
22.0455770236919,
22.0244687195125,
22.0033620183741,
21.9822569099351,
21.9611533838561,
21.9400514297992,
21.918951037428,
21.897852196408,
21.8767548964061,
21.855659127091,
21.8345648781326,
21.8134721392027,
21.7923808999743,
21.771291150122,
21.7502028793217,
21.7291160772508,
21.708030733588,
21.6869468380135,
21.6658643802083,
21.6447833498554,
21.6237037366386,
21.6026255302428,
21.5815487203545,
21.5604732966609,
21.5393992488507,
21.5183265666135,
21.4972552396399,
21.4761852576218,
21.4551166102519,
21.4340492872238,
21.4129832782323,
21.3919185729728,
21.3708551611418,
21.3497930324368,
21.3287321765555,
21.3076725831974,
21.2866142420616,
21.2655571428489,
21.2445012752603,
21.2234466289977,
21.2023931937633,
21.1813409592604,
21.1602899151924,
21.1392400512637,
21.1181913571788,
21.0971438226433,
21.0760974373624,
21.0550521910424,
21.0340080733899,
21.0129650741117,
20.991923182915,
20.9708823895074,
20.9498426835967,
20.9288040548909,
20.9077664930984,
20.8867299879277,
20.8656945290873,
20.8446601062862,
20.8236267092331,
20.8025943276372,
20.7815629512073,
20.7605325696524,
20.7395031726816,
20.718474750004,
20.6974472913282,
20.6764207863631,
20.6553952248173,
20.6343705963993,
20.6133468908174,
20.5923240977796,
20.5713022069936,
20.5502812081669,
20.5292610910067,
20.5082418452199,
20.4872234605128,
20.4662059265916,
20.4451892331617,
20.4241733699283,
20.403158326596,
20.3821440928689,
20.3611306584505,
20.3401180130437,
20.3191061463509,
20.2980950480737,
20.277084707913,
20.2560751155691,
20.2350662607416,
20.2140581331291,
20.1930507224295,
20.1720440183401,
20.151038010557,
20.1300326887754,
20.1090280426899,
20.0880240619939,
20.0670207363798,
20.046018055539,
20.025016009162,
20.004014586938,
19.9830137785552,
19.9620135737008,
19.9410139620605,
19.9200149333191,
19.8990164771599,
19.8780185832652,
19.8570212413158,
19.8360244409913,
19.8150281719699,
19.7940324239283,
19.7730371865421,
19.7520424494851,
19.7310482024297,
19.710054435047,
19.6890611370063,
19.6680682979755,
19.6470759076207,
19.6260839556066,
19.6050924315962,
19.5841013252506,
19.5631106262293,
19.54212032419,
19.5211304087888,
19.5001408696797,
19.4791516965151,
19.4581628789453,
19.4371744066187,
19.416186269182,
19.3951984562796,
19.3742109575541,
19.353223762646,
19.3322368611937,
19.3112502428336,
19.2902638971998,
19.2692778139244,
19.2482919826371,
19.2273063929657,
19.2063210345353,
19.1853358969691,
19.1643509698878,
19.1433662429098,
19.122381705651,
19.101397347725,
19.0804131587428,
19.0594291283132,
19.0384452460423,
19.0174615015335,
18.996477884388,
18.9754943842041,
18.9545109905775,
18.9335276931013,
18.912544481366,
18.891561344959,
18.8705782734652,
18.8495952564668,
18.828612283543,
18.80762934427,
18.7866464282216,
18.765663524968,
18.7446806240769,
18.723697715113,
18.7027147876377,
18.6817318312096,
18.6607488353841,
18.6397657897134,
18.6187826837468,
18.5977995070301,
18.5768162491062,
18.5558328995144,
18.534849447791,
18.5138658834688,
18.4928821960775,
18.471898375143,
18.4509144101883,
18.4299302907326,
18.4089460062915,
18.3879615463775,
18.3669769004994,
18.3459920581623,
18.3250070088676,
18.3040217421135,
18.283036247394,
18.2620505141998,
18.2410645320176,
18.2200782903303,
18.1990917786174,
18.178104986354,
18.1571179030116,
18.1361305180579,
18.1151428209566,
18.094154801167,
18.0731664481452,
18.0521777513425,
18.0311887002064,
18.0101992841806,
17.9892094927042,
17.9682193152123,
17.9472287411358,
17.9262377599014,
17.9052463609315,
17.884254533644,
17.8632622674529,
17.8422695517672,
17.8212763759921,
17.800282729528,
17.7792886017708,
17.7582939821122,
17.737298859939,
17.7163032246335,
17.6953070655737,
17.6743103721324,
17.6533131336782,
17.6323153395747,
17.6113169791809,
17.5903180418509,
17.569318516934,
17.5483183937748,
17.5273176617128,
17.5063163100826,
17.485314328214,
17.4643117054316,
17.4433084310551,
17.4223044943992,
17.4012998847733,
17.3802945914818,
17.359288603824,
17.3382819110938,
17.3172745025799,
17.2962663675659,
17.2752574953299,
17.2542478751449,
17.2332374962782,
17.2122263479918,
17.1912144195424,
17.1702017001811,
17.1491881791535,
17.1281738456996,
17.1071586890537,
17.0861426984448,
17.0651258630959,
17.0441081722246,
17.0230896150426,
17.0020701807557,
16.9810498585641,
16.960028637662,
16.9390065072381,
16.9179834564746,
16.8969594745482,
16.8759345506293,
16.8549086738827,
16.8338818334666,
16.8128540185336,
16.7918252182299,
16.7707954216954,
16.7497646180642,
16.7287327964639,
16.7076999460157,
16.6866660558348,
16.6656311150298,
16.644595112703,
16.6235580379504,
16.6025198798612,
16.5814806275185,
16.5604402699985,
16.5393987963712,
16.5183561956997,
16.4973124570404,
16.4762675694433,
16.4552215219515,
16.4341743036014,
16.4131259034226,
16.3920763104376,
16.3710255136625,
16.3499735021062,
16.3289202647706,
16.3078657906509,
16.2868100687349,
16.2657530880036,
16.2446948374307,
16.2236353059831,
16.2025744826202,
16.1815123562943,
16.1604489159503,
16.1393841505261,
16.118318048952,
16.0972506001511,
16.0761817930391,
16.055111616524,
16.0340400595067,
16.0129671108801,
15.9918927595301,
15.9708169943345,
15.9497398041637,
15.9286611778804,
15.9075811043396,
15.8864995723884,
15.8654165708663,
15.8443320886048,
15.8232461144275,
15.8021586371502,
15.7810696455809,
15.7599791285191,
15.7388870747567,
15.7177934730776,
15.6966983122569,
15.6756015810624,
15.6545032682532,
15.6334033625802,
15.6123018527863,
15.5911987276056,
15.5700939757644,
15.5489875859801,
15.527879546962,
15.5067698474107,
15.4856584760185,
15.464545421469,
15.443430672437,
15.4223142175891,
15.4011960455829,
15.3800761450673,
15.3589545046826,
15.33783111306,
15.3167059588221,
15.2955790305825,
15.2744503169459,
15.2533198065081,
15.2321874878556,
15.2110533495662,
15.1899173802083,
15.1687795683413,
15.1476399025155,
15.1264983712719,
15.1053549631418,
15.084209666648,
15.0630624703034,
15.0419133626116,
15.0207623320667,
14.9996093671535,
14.9784544563472,
14.9572975881132,
14.9361387509077,
14.9149779331768,
14.8938151233573,
14.872650309876,
14.8514834811499,
14.8303146255864,
14.8091437315828,
14.7879707875265,
14.7667957817951,
14.7456187027561,
14.7244395387669,
14.7032582781747,
14.682074909317,
14.6608894205205,
14.6397018001022,
14.6185120363684,
14.5973201176156,
14.5761260321294,
14.5549297681853,
14.5337313140483,
14.5125306579727,
14.4913277882027,
14.4701226929715,
14.4489153605018,
14.4277057790056,
14.4064939366843,
14.3852798217284,
14.3640634223176,
14.3428447266207,
14.3216237227958,
14.3004003989897,
14.2791747433385,
14.2579467439671,
14.2367163889894,
14.2154836665081,
14.1942485646146,
14.1730110713894,
14.1517711749013,
14.130528863208,
14.1092841243559,
14.0880369463799,
14.0667873173032,
14.0455352251379,
14.0242806578843,
14.003023603531,
13.9817640500551,
13.960501985422,
13.9392373975852,
13.9179702744864,
13.8967006040559,
13.8754283742112,
13.8541535728587,
13.8328761878925,
13.8115962071944,
13.7903136186345,
13.7690284100705,
13.7477405693481,
13.7264500843005,
13.7051569427488,
13.6838611325018,
13.6625626413556,
13.6412614570943,
13.6199575674892,
13.5986509602989,
13.57734162327,
13.5560295441359,
13.5347147106175,
13.5133971104231,
13.4920767312478,
13.4707535607744,
13.4494275866723,
13.4280987965982,
13.4067671781959,
13.3854327190959,
13.3640954069159,
13.34275522926,
13.3214121737196,
13.3000662278724,
13.2787173792832,
13.2573656155031,
13.2360109240698,
13.2146532925079,
13.1932927083282,
13.1719291590277,
13.1505626320904,
13.129193114986,
13.1078205951708,
13.0864450600873,
13.0650664971641,
13.0436848938159,
13.0223002374434,
13.0009125154335,
12.9795217151588,
12.9581278239781,
12.9367308292357,
12.9153307182618,
12.8939274783726,
12.8725210968696,
12.8511115610401,
12.8296988581569,
12.8082829754783,
12.7868639002484,
12.7654416196959,
12.7440161210359,
12.7225873914679,
12.7011554181771,
12.6797201883335,
12.6582816890929,
12.6368399075953,
12.6153948309665,
12.5939464463167,
12.5724947407413,
12.5510397013203,
12.5295813151187,
12.508119569186,
12.4866544505566,
12.4651859462494,
12.4437140432679,
12.4222387286,
12.4007599892179,
12.3792778120787,
12.3577921841231,
12.3363030922768,
12.314810523449,
12.2933144645336,
12.2718149024082,
12.2503118239347,
12.2288052159588,
12.2072950653101,
12.185781358802,
12.164264083232,
12.142743225381,
12.1212187720136,
12.0996907098781,
12.0781590257063,
12.0566237062134,
12.0350847380982,
12.0135421080428,
11.9919958027126,
11.9704458087559,
11.9488921128047,
11.927334701474,
11.9057735613615,
11.8842086790483,
11.8626400410981,
11.8410676340577,
11.8194914444567,
11.7979114588072,
11.7763276636041,
11.7547400453251,
11.7331485904302,
11.711553285362,
11.6899541165455,
11.668351070388,
11.6467441332792,
11.6251332915909,
11.6035185316771,
11.581899839874,
11.5602772024998,
11.5386506058545,
11.5170200362202,
11.4953854798608,
11.4737469230218,
11.4521043519308,
11.4304577527965,
11.4088071118095,
11.3871524151419,
11.3654936489473,
11.3438307993605,
11.3221638524975,
11.3004927944559,
11.2788176113142,
11.2571382891321,
11.2354548139502,
11.2137671717904,
11.192075348655,
11.1703793305275,
11.1486791033721,
11.1269746531336,
11.1052659657375,
11.0835530270896,
11.0618358230767,
11.0401143395656,
11.0183885624034,
10.9966584774178,
10.9749240704164,
10.953185327187,
10.9314422334976,
10.9096947750961,
10.8879429377102,
10.8661867070476,
10.8444260687957,
10.8226610086215,
10.8008915121719,
10.7791175650731,
10.7573391529309,
10.7355562613304,
10.7137688758363,
10.6919769819921,
10.670180565321,
10.648379611325,
10.6265741054851,
10.6047640332614,
10.5829493800929,
10.5611301313975,
10.5393062725715,
10.5174777889902,
10.4956446660073,
10.473806888955,
10.4519644431442,
10.4301173138639,
10.4082654863814,
10.3864089459423,
10.3645476777702,
10.342681667067,
10.3208108990122,
10.2989353587635,
10.2770550314564,
10.2551699022039,
10.2332799560969,
10.2113851782037,
10.1894855535704,
10.1675810672201,
10.1456717041536,
10.1237574493488,
10.1018382877606,
10.0799142043215,
10.0579851839406,
10.0360512115041,
10.0141122718748,
9.99216834989278,
9.97021943037441,
9.94826549811279,
9.92630653787757,
9.90434253441481,
9.88237347244694,
9.86039933667269,
9.83842011176699,
9.81643578238084,
9.79444633314137,
9.77245174865152,
9.75045201349019,
9.72844711221188,
9.70643702934717,
9.68442174940185,
9.66240125685732,
9.64037553617061,
9.61834457177383,
9.5963083480745,
9.57426684945528,
9.5522200602739,
9.53016796486315,
9.50811054753069,
9.48604779255891,
9.46397968420513,
9.44190620670105,
9.41982734425318,
9.39774308104239,
9.37565340122393,
9.35355828892733,
9.33145772825617,
9.30935170328848,
9.28724019807612,
9.2651231966447,
9.24300068299385,
9.220872641097,
9.19873905490107,
9.17659990832658,
9.15445518526758,
9.13230486959145,
9.1101489451388,
9.08798739572347,
9.06582020513241,
9.04364735712539,
9.02146883543531,
8.99928462376784,
8.97709470580111,
8.95489906518623,
8.93269768554654,
8.91049055047796,
8.88827764354858,
8.86605894829887,
8.8438344482413,
8.82160412686045,
8.79936796761285,
8.77712595392677,
8.75487806920239,
8.7326242968112,
8.71036462009653,
8.68809902237308,
8.66582748692673,
8.64354999701482,
8.62126653586563,
8.59897708667859,
8.57668163262406,
8.55438015684308,
8.53207264244764,
8.50975907252013,
8.48743943011357,
8.46511369825151,
8.44278185992755,
8.42044389810576,
8.39809979572004,
8.37574953567463,
8.35339310084328,
8.33103047406973,
8.30866163816751,
8.28628657591946,
8.26390527007811,
8.24151770336522,
8.21912385847185,
8.19672371805819,
8.17431726475343,
8.15190448115578,
8.12948534983218,
8.10705985331822,
8.08462797411829,
8.06218969470501,
8.03974499751962,
8.01729386497146,
7.99483627943806,
7.97237222326498,
7.94990167876574,
7.92742462822162,
7.90494105388166,
7.8824509379624,
7.85995426264799,
7.83745101008969,
7.81494116240634,
7.79242470168367,
7.7699016099744,
7.74737186929826,
7.72483546164176,
7.70229236895796,
7.67974257316649,
7.65718605615348,
7.63462279977119,
7.61205278583839,
7.58947599613958,
7.56689241242537,
7.54430201641208,
7.52170478978195,
7.49910071418248,
7.47648977122697,
7.45387194249389,
7.43124720952682,
7.40861555383458,
7.38597695689089,
7.36333140013443,
7.34067886496842,
7.31801933276091,
7.29535278484406,
7.27267920251472,
7.24999856703374,
7.22731085962619,
7.20461606148098,
7.18191415375105,
7.15920511755269,
7.13648893396618,
7.11376558403492,
7.09103504876583,
7.06829730912881,
7.04555234605709,
7.02280014044658,
7.00004067315609,
6.97727392500707,
6.95449987678342,
6.93171850923159,
6.90892980306006,
6.88613373893975,
6.86333029750318,
6.8405194593451,
6.81770120502171,
6.79487551505082,
6.77204236991173,
6.74920175004507,
6.72635363585272,
6.70349800769719,
6.68063484590243,
6.6577641307527,
6.63488584249302,
6.61199996132899,
6.58910646742623,
6.56620534091087,
6.54329656186883,
6.52038011034608,
6.49745596634824,
6.47452410984062,
6.45158452074787,
6.42863717895403,
6.40568206430237,
6.38271915659504,
6.35974843559319,
6.33676988101661,
6.31378347254361,
6.29078918981111,
6.2677870124142,
6.24477691990597,
6.22175889179778,
6.19873290755851,
6.17569894661494,
6.15265698835128,
6.12960701210903,
6.10654899718702,
6.08348292284103,
6.06040876828382,
6.03732651268496,
6.01423613517028,
5.99113761482255,
5.96803093068041,
5.9449160617387,
5.92179298694822,
5.89866168521581,
5.87552213540357,
5.85237431632925,
5.82921820676592,
5.80605378544175,
5.78288103103995,
5.75969992219854,
5.73651043751011,
5.7133125555219,
5.69010625473527,
5.666891513606,
5.64366831054355,
5.62043662391142,
5.59719643202681,
5.57394771316018,
5.55069044553557,
5.52742460732992,
5.50415017667331,
5.48086713164849,
5.45757545029102,
5.43427511058871,
5.41096609048179,
5.3876483678626,
5.36432192057526,
5.34098672641585,
5.31764276313186,
5.29429000842219,
5.27092843993717,
5.24755803527785,
5.22417877199626,
5.20079062759532,
5.1773935795282,
5.15398760519838,
5.13057268195956,
5.10714878711542,
5.08371589791938,
5.06027399157426,
5.03682304523261,
5.01336303599572,
4.98989394091444,
4.96641573698798,
4.94292840116441,
4.91943191034028,
4.89592624136014,
4.87241137101694,
4.84888727605119,
4.82535393315135,
4.80181131895318,
4.77825941003977,
4.75469818294118,
4.73112761413472,
4.70754768004389,
4.68395835703916,
4.66035962143695,
4.63675144949991,
4.61313381743662,
4.58950670140126,
4.56587007749357,
4.54222392175853,
4.51856821018617,
4.49490291871149,
4.47122802321405,
4.44754349951796,
4.42384932339149,
4.40014547054699,
4.37643191664063,
4.35270863727226,
4.32897560798494,
4.3052328042653,
4.28148020154254,
4.25771777518872,
4.23394550051876,
4.21016335278944,
4.18637130720003,
4.16256933889144,
4.13875742294641,
4.11493553438908,
4.0911036481848,
4.06726173923994,
4.0434097824018,
4.01954775245787,
3.99567562413637,
3.97179337210537,
3.94790097097297,
3.92399839528684,
3.90008561953408,
3.876162618141,
3.85222936547285,
3.82828583583364,
3.80433200346579,
3.78036784255011,
3.75639332720533,
3.7324084314879,
3.70841312939194,
3.68440739484885,
3.66039120172712,
3.6363645238319,
3.6123273349051,
3.58827960862493,
3.56422131860563,
3.54015243839734,
3.51607294148585,
3.49198280129212,
3.46788199117236,
3.44377048441766,
3.41964825425362,
3.3955152738402,
3.37137151627144,
3.34721695457534,
3.32305156171338,
3.29887531058029,
3.27468817400398,
3.25049012474528,
3.22628113549723,
3.20206117888551,
3.17783022746755,
3.15358825373278,
3.12933523010184,
3.10507112892685,
3.08079592249078,
3.0565095830072,
3.03221208262028,
3.00790339340421,
2.98358348736303,
2.95925233643044,
2.93490991246955,
2.91055618727228,
2.88619113255942,
2.86181471998037,
2.83742692111252,
2.81302770746146,
2.78861705046006,
2.76419492146886,
2.73976129177527,
2.71531613259361,
2.69085941506449,
2.66639111025501,
2.64191118915801,
2.61741962269184,
2.59291638170043,
2.56840143695257,
2.54387475914172,
2.51933631888596,
2.49478608672729,
2.47022403313173,
2.44565012848869,
2.42106434311091,
2.39646664723386,
2.37185701101578,
2.34723540453723,
2.32260179780064,
2.29795616073011,
2.27329846317127,
2.24862867489054,
2.22394676557542,
2.19925270483344,
2.17454646219244,
2.1498280071001,
2.12509730892327,
2.10035433694833,
2.07559906038011,
2.05083144834197,
2.02605146987565,
2.0012590939404,
1.9764542894132,
1.95163702508808,
1.92680726967581,
1.90196499180371,
1.87711016001532,
1.85224274276987,
1.82736270844197,
1.80247002532155,
1.77756466161327,
1.75264658543603,
1.72771576482296,
1.70277216772087,
1.67781576199002,
1.65284651540355,
1.62786439564735,
1.60286937031958,
1.57786140693042,
1.55284047290149,
1.52780653556579,
1.50275956216711,
1.47769951985964,
1.45262637570795,
1.42754009668607,
1.4024406496776,
1.37732800147501,
1.35220211877964,
1.32706296820078,
1.30191051625593,
1.27674472936974,
1.25156557387425,
1.2263730160081,
1.20116702191626,
1.17594755764975,
1.15071458916509,
1.12546808232395,
1.10020800289277,
1.07493431654251,
1.04964698884783,
1.02434598528737,
0.999031271242529,
0.973702811997725,
0.948360572739659,
0.923004518557093,
0.897634614440221,
0.872250825280446,
0.846853115869749,
0.821441450900465,
0.796015794965115,
0.770576112555148,
0.745122368061459,
0.719654525773365,
0.694172549878488,
0.668676404461962,
0.643166053506604,
0.617641460891775,
0.592102590393552,
0.566549405683816,
0.540981870330029,
0.515399947794947,
0.489803601435881,
0.464192794504299,
0.438567490145601,
0.412927651398434,
0.387273241194293,
0.36160422235713,
0.33592055760289,
0.310222209538836,
0.284509140663431,
0.258781313365603,
0.233038689924342,
0.207281232508421,
0.181508903175541,
0.1557216638721,
0.12991947643286,
0.104102302580031,
0.0782701039232734,
0.0524228419587303,
0.0265604780689728,
0.000682973522259545,
-0.0252097105279745,
-0.0511176130433455,
-0.0770407731015439,
-0.102979229896164,
-0.12893302273784,
-0.154902191054362,
-0.180886774391183,
-0.206886812412279,
-0.232902344900253,
-0.258933411757198,
-0.284980053004801,
-0.311042308785488,
-0.337120219362305,
-0.363213825119772,
-0.389323166564566,
-0.415448284325691,
-0.441589219155219,
-0.467746011928909,
-0.4939187036465,
-0.520107335432556,
-0.546311948536811,
-0.572532584334851,
-0.598769284328512,
-0.625022090146558,
-0.651291043545257,
-0.677576186408999,
-0.703877560750527,
-0.730195208712018,
-0.756529172565365,
-0.782879494712631,
-0.809246217686905,
-0.83562938415281,
-0.862029036907018,
-0.888445218878985,
-0.914877973131183,
-0.941327342860177,
-0.967793371396965,
-0.994276102207664,
-1.02077557889402,
-1.04729184519402,
-1.07382494498279,
-1.10037492227269,
-1.12694182121447,
-1.15352568609762,
-1.18012656135096,
-1.20674449154342,
-1.23337952138468,
-1.26003169572556,
-1.28670105955899,
-1.31338765802047,
-1.34009153638874,
-1.36681274008646,
-1.39355131468096,
-1.42030730588459,
-1.44708075955589,
-1.47387172169971,
-1.50068023846825,
-1.52750635616167,
-1.55435012122865,
-1.58121158026717,
-1.60809078002524,
-1.63498776740147,
-1.6619025894459,
-1.68883529336051,
-1.71578592650019,
-1.74275453637313,
-1.76974117064191,
-1.79674587712384,
-1.82376870379198,
-1.85080969877561,
-1.87786891036114,
-1.90494638699283,
-1.93204217727344,
-1.95915632996503,
-1.98628889398964,
-2.01343991843015,
-2.04060945253104,
-2.06779754569891,
-2.0950042475036,
-2.12222960767855,
-2.14947367612206,
-2.17673650289765,
-2.20401813823497,
-2.2313186325307,
-2.25863803634923,
-2.28597640042341,
-2.31333377565551,
-2.34071021311792,
-2.36810576405384,
-2.39552047987826,
-2.42295441217902,
-2.45040761271684,
-2.47788013342722,
-2.50537202642028,
-2.53288334398218,
-2.56041413857588,
-2.58796446284197,
-2.61553436959923,
-2.64312391184598,
-2.67073314276058,
-2.69836211570242,
-2.72601088421294,
-2.75367950201604,
-2.78136802301964,
-2.80907650131599,
-2.83680499118293,
-2.86455354708448,
-2.89232222367201,
-2.9201110757852,
-2.9479201584524,
-2.97574952689257,
-3.00359923651496,
-3.03146934292113,
-3.05935990190534,
-3.08727096945552,
-3.11520260175433,
-3.14315485518006,
-3.17112778630775,
-3.19912145190995,
-3.22713590895756,
-3.2551712146215,
-3.28322742627279,
-3.31130460148404,
-3.33940279803062,
-3.36752207389111,
-3.39566248724879,
-3.42382409649247,
-3.4520069602176,
-3.48021113722706,
-3.50843668653243,
-3.53668366735502,
-3.56495213912694,
-3.59324216149184,
-3.62155379430641,
-3.64988709764117,
-3.67824213178176,
-3.70661895722969,
-3.73501763470369,
-3.76343822514082,
-3.79188078969742,
-3.82034538975034,
-3.84883208689797,
-3.87734094296144,
-3.90587201998562,
-3.93442538024061,
-3.96300108622216,
-3.99159920065375,
-4.02021978648708,
-4.04886290690342,
-4.07752862531476,
-4.10621700536535,
-4.13492811093209,
-4.16366200612663,
-4.19241875529599,
-4.22119842302385,
-4.25000107413211,
-4.27882677368154,
-4.30767558697352,
-4.33654757955122,
-4.36544281720057,
-4.39436136595162,
-4.42330329208011,
-4.45226866210828,
-4.48125754280659,
-4.51027000119456,
-4.53930610454245,
-4.56836592037257,
-4.59744951646019,
-4.62655696083527,
-4.65568832178377,
-4.68484366784872,
-4.71402306783182,
-4.74322659079462,
-4.77245430606018,
-4.80170628321412,
-4.83098259210624,
-4.86028330285166,
-4.88960848583258,
-4.91895821169948,
-4.9483325513724,
-4.97773157604274,
-5.0071553571745,
-5.03660396650571,
-5.06607747604988,
-5.09557595809764,
-5.12509948521796,
-5.15464813025994,
-5.18422196635413,
-5.21382106691402,
-5.24344550563762,
-5.27309535650915,
-5.3027706938002,
-5.33247159207167,
-5.36219812617526,
-5.39195037125467,
-5.42172840274782,
-5.45153229638794,
-5.48136212820521,
-5.5112179745289,
-5.54109991198828,
-5.57100801751471,
-5.60094236834317,
-5.63090304201393,
-5.66089011637433,
-5.69090366958022,
-5.72094378009785,
-5.75101052670556,
-5.78110398849543,
-5.81122424487512,
-5.84137137556951,
-5.87154546062254,
-5.90174658039876,
-5.93197481558559,
-5.96223024719473,
-5.99251295656381,
-6.02282302535866,
-6.05316053557499,
-6.08352556953997,
-6.11391820991452,
-6.14433853969479,
-6.17478664221426,
-6.20526260114565,
-6.23576650050268,
-6.26629842464206,
-6.29685845826566,
-6.32744668642192,
-6.35806319450842,
-6.38870806827344,
-6.41938139381807,
-6.45008325759846,
-6.48081374642743,
-6.51157294747662,
-6.54236094827883,
-6.57317783672983,
-6.6040237010904,
-6.63489862998858,
-6.66580271242157,
-6.69673603775823,
-6.7276986957408,
-6.75869077648741,
-6.78971237049382,
-6.82076356863604,
-6.85184446217244,
-6.88295514274574,
-6.9140957023854,
-6.94526623350998,
-6.97646682892912,
-7.00769758184623,
-7.03895858586031,
-7.07024993496873,
-7.10157172356918,
-7.13292404646228,
-7.16430699885382,
-7.19572067635733,
-7.22716517499606,
-7.25864059120596,
-7.29014702183758,
-7.32168456415917,
-7.35325331585835,
-7.38485337504534,
-7.41648484025507,
-7.44814781044965,
-7.47984238502141,
-7.51156866379478,
-7.54332674702943,
-7.5751167354228,
-7.60693873011235,
-7.63879283267858,
-7.67067914514769,
-7.70259776999399,
-7.73454881014294,
-7.76653236897363,
-7.7985485503217,
-7.83059745848198,
-7.86267919821125,
-7.89479387473142,
-7.92694159373178,
-7.95912246137226,
-7.99133658428627,
-8.02358406958353,
-8.05586502485295,
-8.08817955816556,
-8.1205277780777,
-8.1529097936338,
-8.18532571436936,
-8.21777565031414,
-8.25025971199523,
-8.28277801043987,
-8.31533065717889,
-8.34791776424959,
-8.38053944419926,
-8.4131958100877,
-8.44588697549113,
-8.47861305450505,
-8.51137416174754,
-8.54417041236258,
-8.57700192202338,
-8.60986880693576,
-8.64277118384121,
-8.67570917002064,
-8.70868288329774,
-8.74169244204217,
-8.77473796517336,
-8.80781957216374,
-8.84093738304239,
-8.87409151839853,
-8.90728209938527,
-8.94050924772296,
-8.97377308570299,
-9.00707373619156,
-9.04041132263308,
-9.07378596905409,
-9.10719780006701,
-9.14064694087398,
-9.17413351727055,
-9.2076576556496,
-9.24121948300512,
-9.27481912693639,
-9.30845671565157,
-9.34213237797206,
-9.37584624333607,
-9.40959844180304,
-9.44338910405753,
-9.47721836141341,
-9.51108634581789,
-9.54499318985586,
-9.57893902675403,
-9.61292399038507,
-9.64694821527195,
-9.68101183659252,
-9.71511499018334,
-9.74925781254467,
-9.78344044084434,
-9.81766301292265,
-9.8519256672966,
-9.88622854316458,
-9.92057178041068,
-9.95495551960988,
-9.98937990203211,
-10.0238450696472,
-10.0583511651296,
-10.0928983318632,
-10.127486713946,
-10.1621164561952,
-10.1967877041519,
-10.2315006040859,
-10.2662553030013,
-10.3010519486406,
-10.3358906894908,
-10.3707716747875,
-10.4056950545211,
-10.4406609794407,
-10.4756696010609,
-10.5107210716657,
-10.5458155443146,
-10.580953172848,
-10.6161341118921,
-10.6513585168649,
-10.6866265439818,
-10.7219383502602,
-10.7572940935267,
-10.7926939324212,
-10.8281380264038,
-10.8636265357601,
-10.8991596216065,
-10.9347374458974,
-10.9703601714298,
-11.00602796185,
-11.0417409816595,
-11.077499396221,
-11.1133033717646,
-11.149153075394,
-11.1850486750927,
-11.2209903397304,
-11.2569782390696,
-11.2930125437712,
-11.3290934254019,
-11.3652210564405,
-11.4013956102841,
-11.437617261255,
-11.4738861846078,
-11.5102025565356,
-11.5465665541772,
-11.5829783556239,
-11.6194381399263,
-11.6559460871019,
-11.6925023781413,
-11.7291071950164,
-11.7657607206868,
-11.8024631391074,
-11.839214635236,
-11.8760153950403,
-11.9128656055059,
-11.9497654546432,
-11.9867151314959,
-12.023714826148,
-12.0607647297318,
-12.0978650344362,
-12.1350159335137,
-12.1722176212894,
-12.2094702931687,
-12.2467741456451,
-12.2841293763091,
-12.3215361838561,
-12.3589947680948,
-12.3965053299558,
-12.4340680715004,
-12.4716831959288,
-12.5093509075891,
-12.5470714119858,
-12.5848449157893,
-12.6226716268444,
-12.6605517541793,
-12.6984855080153,
-12.7364730997753,
-12.7745147420941,
-12.8126106488266,
-12.8507610350587,
-12.8889661171156,
-12.9272261125726,
-12.9655412402641,
-13.003911720294,
-13.0423377740456,
-13.0808196241915,
-13.1193574947039,
-13.1579516108652,
-13.1966021992778,
-13.2353094878755,
-13.2740737059329,
-13.3128950840773,
-13.3517738542988,
-13.3907102499615,
-13.4297045058145,
-13.4687568580032,
-13.5078675440803,
-13.5470368030174,
-13.5862648752163,
-13.625552002521,
-13.664898428229,
-13.7043043971036,
-13.7437701553852,
-13.7832959508042,
-13.822882032593,
-13.8625286514978,
-13.902236059792,
-13.9420045112878,
-13.9818342613499,
-14.0217255669079,
-14.0616786864693,
-14.1016938801325,
-14.1417714096007,
-14.1819115381947,
-14.2221145308667,
-14.2623806542142,
-14.3027101764934,
-14.3431033676337,
-14.3835604992512,
-14.4240818446642,
-14.4646676789061,
-14.5053182787412,
-14.5460339226789,
-14.586814890989,
-14.6276614657162,
-14.6685739306961,
-14.7095525715699,
-14.7505976758005,
-14.7917095326879,
-14.8328884333854,
-14.8741346709158,
-14.9154485401868,
-14.9568303380088,
-14.9982803631103,
-15.0397989161554,
-15.0813862997607,
-15.1230428185124,
-15.1647687789836,
-15.206564489752,
-15.2484302614177,
-15.2903664066209,
-15.3323732400605,
-15.374451078512,
-15.4166002408464,
-15.4588210480487,
-15.5011138232375,
-15.5434788916833,
-15.5859165808287,
-15.6284272203075,
-15.671011141965,
-15.7136686798781,
-15.7564001703752,
-15.7992059520569,
-15.8420863658174,
-15.8850417548643,
-15.9280724647415,
-15.9711788433492,
-16.0143612409668,
-16.057620010274,
-16.100955506374,
-16.1443680868155,
-16.1878581116154,
-16.2314259432821,
-16.2750719468394,
-16.318796489849,
-16.3625999424352,
-16.4064826773089,
-16.4504450697921,
-16.4944874978424,
-16.5386103420786,
-16.5828139858058,
-16.6270988150406,
-16.6714652185381,
-16.7159135878171,
-16.7604443171876,
-16.8050578037773,
-16.8497544475587,
-16.8945346513772,
-16.9393988209785,
-16.9843473650374,
-17.029380695186,
-17.0744992260429,
-17.1197033752422,
-17.1649935634639,
-17.210370214463,
-17.255833755101,
-17.3013846153755,
-17.3470232284528,
-17.3927500306982,
-17.4385654617087,
-17.4844699643454,
-17.5304639847659,
-17.576547972458,
-17.6227223802727,
-17.6689876644591,
-17.7153442846982,
-17.7617927041381,
-17.8083333894295,
-17.8549668107613,
-17.9016934418972,
-17.9485137602121,
-17.9954282467297,
-18.0424373861601,
-18.089541666938,
-18.1367415812614,
-18.1840376251311,
-18.2314302983901,
-18.2789201047638,
-18.3265075519014,
-18.3741931514168,
-18.4219774189304,
-18.4698608741118,
-18.5178440407228,
-18.5659274466608,
-18.6141116240033,
-18.6623971090524,
-18.7107844423803,
-18.7592741688752,
-18.8078668377881,
-18.8565630027799,
-18.9053632219693,
-18.9542680579814,
-19.0032780779972,
-19.0523938538027,
-19.1016159618404,
-19.1509449832601,
-19.200381503971,
-19.2499261146943,
-19.299579411017,
-19.3493419934456,
-19.3992144674616,
-19.4491974435769,
-19.4992915373905,
-19.5494973696455,
-19.5998155662878,
-19.6502467585248,
-19.7007915828848,
-19.7514506812784,
-19.8022247010599,
-19.8531142950889,
-19.904120121795,
-19.9552428452407,
-20.0064831351878,
-20.0578416671625,
-20.1093191225232,
-20.1609161885282,
-20.2126335584053,
-20.264471931421,
-20.3164320129527,
-20.3685145145602,
-20.4207201540593,
-20.4730496555958,
-20.5255037497219,
-20.5780831734714,
-20.6307886704388,
-20.6836209908578,
-20.736580891681,
-20.7896691366621,
-20.8428864964378,
-20.8962337486121,
-20.9497116778414,
-21.0033210759209,
-21.0570627418726,
-21.1109374820341,
-21.1649461101497,
-21.219089447462,
-21.2733683228055,
-21.3277835727014,
-21.3823360414542,
-21.4370265812492,
-21.4918560522525,
-21.5468253227117,
-21.6019352690585,
-21.6571867760135,
-21.7125807366916,
-21.7681180527099,
-21.8237996342974,
-21.8796264004059,
-21.9355992788231,
-21.9917192062877,
-22.0479871286056,
-22.1044040007693,
-22.160970787078,
-22.2176884612605,
-22.2745580065997,
-22.3315804160594,
-22.3887566924134,
-22.4460878483761,
-22.503574906736,
-22.5612189004915,
-22.6190208729881,
-22.6769818780587,
-22.7351029801665,
-22.7933852545496,
-22.8518297873686,
-22.9104376758565,
-22.9692100284717,
-23.0281479650527,
-23.0872526169765,
-23.1465251273191,
-23.2059666510193,
-23.265578355045,
-23.3253614185624,
-23.385317033109,
-23.4454464027683,
-23.5057507443493,
-23.5662312875673,
-23.6268892752302,
-23.6877259634257,
-23.7487426217142,
-23.8099405333237,
-23.8713209953486,
-23.9328853189529,
-23.9946348295758,
-24.0565708671425,
-24.118694786278,
-24.1810079565246,
-24.2435117625652,
-24.3062076044488,
-24.3690968978211,
-24.4321810741595,
-24.4954615810128,
-24.5589398822451,
-24.6226174582838,
-24.6864958063739,
-24.7505764408357,
-24.8148608933287,
-24.8793507131195,
-24.9440474673557,
-25.0089527413449,
-25.0740681388397,
-25.1393952823271,
-25.2049358133251,
-25.2706913926844,
-25.336663700896,
-25.4028544384056,
-25.4692653259341,
-25.5358981048039,
-25.6027545372735,
-25.6698364068766,
-25.7371455187708,
-25.804683700091,
-25.872452800312,
-25.9404546916174,
-26.0086912692773,
-26.0771644520325,
-26.1458761824882,
-26.2148284275154,
-26.2840231786603,
-26.3534624525638,
-26.4231482913882,
-26.493082763255,
-26.5632679626906,
-26.6337060110822,
-26.7043990571442,
-26.7753492773941,
-26.8465588766386,
-26.9180300884721,
-26.9897651757838,
-27.0617664312782,
-27.1340361780063,
-27.206576769909,
-27.2793905923723,
-27.3524800627962,
-27.4258476311753,
-27.4994957806935,
-27.5734270283324,
-27.6476439254934,
-27.7221490586343,
-27.7969450499216,
-27.8720345578966,
-27.9474202781583,
-28.0231049440629,
-28.0990913274381,
-28.1753822393169,
-28.2519805306872,
-28.3288890932601,
-28.4061108602575,
-28.4836488072174,
-28.5615059528212,
-28.6396853597391,
-28.7181901354976,
-28.7970234333691,
-28.8761884532825,
-28.9556884427577,
-29.0355266978634,
-29.115706564199,
-29.1962314379024,
-29.2771047666825,
-29.3583300508795,
-29.4399108445524,
-29.521850756594,
-29.6041534518769,
-29.686822652428,
-29.7698621386354,
-29.8532757504868,
-29.9370673888412,
-30.0212410167356,
-30.1058006607257,
-30.1907504122652,
-30.2760944291205,
-30.3618369368265,
-30.4479822301819,
-30.5345346747858,
-30.6214987086184,
-30.7088788436655,
-30.7966796675893,
-30.8849058454474,
-30.9735621214598,
-31.062653320829,
-31.1521843516111,
-31.2421602066422,
-31.3325859655221,
-31.4234667966559,
-31.5148079593563,
-31.6066148060096,
-31.6988927843059,
-31.7916474395381,
-31.88488441697,
-31.9786094642778,
-32.0728284340664,
-32.167547286464,
-32.262772091799,
-32.3585090333591,
-32.4547644102397,
-32.5515446402825,
-32.6488562631076,
-32.7467059432451,
-32.8451004733674,
-32.944046777628,
-33.04355191511,
-33.1436230833889,
-33.2442676222153,
-33.3454930173202,
-33.4473069043511,
-33.5497170729402,
-33.6527314709136,
-33.7563582086468,
-33.8606055635699,
-33.9654819848333,
-34.0709960981363,
-34.177156710729,
-34.283972816593,
-34.3914536018093,
-34.4996084501218,
-34.6084469487047,
-34.717978894143,
-34.8282142986357,
-34.9391633964319,
-35.0508366505098,
-35.1632447595106,
-35.2763986649383,
-35.3903095586389,
-35.50498889057,
-35.6204483768774,
-35.7367000082914,
-35.8537560588582,
-35.9716290950234,
-36.0903319850852,
-36.2098779090342,
-36.3302803688002,
-36.451553198925,
-36.5737105776861,
-36.6967670386883,
-36.8207374829551,
-36.9456371915387,
-37.0714818386797,
-37.1982875055456,
-37.3260706945761,
-37.4548483444723,
-37.5846378458606,
-37.7154570576703,
-37.8473243242649,
-37.9802584933676,
-38.114278934828,
-38.2494055602749,
-38.3856588437091,
-38.5230598430905,
-38.661630222974,
-38.8013922782631,
-38.9423689591413,
-39.0845838972575,
-39.2280614332396,
-39.3728266456179,
-39.5189053812492,
-39.6663242873317,
-39.8151108451182,
-39.9652934054295,
-40.1169012260925,
-40.2699645114258,
-40.4245144539091,
-40.5805832781856,
-40.7382042875565,
-40.8974119131355,
-41.0582417658552,
-41.2207306915214,
-41.3849168291358,
-41.5508396727239,
-41.7185401369233,
-41.8880606266123,
-42.0594451108826,
-42.2327392016859,
-42.4079902375156,
-42.5852473725155,
-42.7645616714478,
-42.9459862109871,
-43.1295761878567,
-43.3153890343742,
-43.5034845420196,
-43.6939249937147,
-43.8867753055574,
-44.0821031788394,
-44.2799792632626,
-44.4804773323542,
-44.6836744722065,
-44.8896512847706,
-45.0984921070802,
-45.3102852479358,
-45.525123243748,
-45.7431031354392,
-45.9643267685305,
-46.1889011187864,
-46.4169386460915,
-46.6485576795541,
-46.883882837219,
-47.123045484206,
-47.3661842335869,
-47.6134454949008,
-47.8649840758687,
-48.1209638436469,
-48.3815584528614,
-48.6469521487132,
-48.9173406546801,
-49.1929321557802,
-49.4739483900629,
-49.7606258630051,
-50.0532172018663,
-50.3519926699027,
-50.6572418637128,
-50.9692756210719,
-51.2884281714982,
-51.6150595677325,
-51.9495584435343,
-52.2923451520094,
-52.6438753495388,
-53.0046441037661,
-53.3751906207685,
-53.756103707365,
-54.1480281107398,
-54.5516719108277,
-54.9678151833619,
-55.3973202061749,
-55.8411435523012,
-56.3003505064097,
-56.7761323640134,
-57.2698273372056,
-57.7829460126117,
-58.3172026108203,
-58.8745537170855,
-59.4572467441148,
-60.0678812312207,
-60.7094873085831,
-61.3856274664878,
-62.100530504319,
-62.8592707605989,
-63.6680124281227,
-64.5343497035772,
-65.4677919994584,
-66.4804758602874,
-67.588244675769,
-68.8123522051254,
-70.1822825290665,
-71.740705250946,
-73.5528743880494,
-75.7263669693297,
-78.4589391843035,
-82.1834005254533,
-88.2293735488672,
};